4.6770415, 50.8651999
4.6771083, 50.865205
4.6771085, 50.8652895
4.6771437, 50.8672591
4.6771437, 50.864902
4.6771617, 50.8642561
4.677176, 50.8652102
4.6771953, 50.8648257
4.6772197, 50.8653404
4.6772197, 50.8652871
4.6772511, 50.8652897
4.6772515, 50.8651132
4.6772517, 50.8659952
4.6772527, 50.8653405
4.6772541, 50.8653846
4.6772564, 50.865459
4.677262, 50.864131
4.6773075, 50.8649623
4.6773369, 50.8655606
4.6773369, 50.8653845
4.6773398, 50.8647446
4.6773453, 50.8647298
4.6773504, 50.8635176
4.6773692, 50.863016
4.6773938, 50.8645987
4.6774495, 50.8657773
4.6774603, 50.8653371
4.6774863, 50.8639815
4.6774913, 50.8673395
4.6774964, 50.8622933
4.677535, 50.8676028
4.6775479, 50.8636747
4.6775479, 50.8638636
4.6775479, 50.8639239
4.677565, 50.8640593
4.6775813, 50.8659644
4.677611, 50.8677532
4.6776422, 50.8641135
4.6776558, 50.8635294
4.6776766, 50.8635013
4.6776904, 50.8674272
4.6777151, 50.8651865
4.6777167, 50.8676778
4.6777445, 50.8652169
4.6777743, 50.8685071
4.6778224, 50.8649884
4.6778616, 50.8633107
4.6778975, 50.8649529
4.6779255, 50.8623637
4.6779455, 50.8648166
4.6779809, 50.8641908
4.6779944, 50.863161
4.6780182, 50.8651069
4.67804, 50.8659458
4.678045, 50.8655503
4.6780471, 50.8635958
4.6780643, 50.867401
4.678072, 50.8630343
4.6780723, 50.8640323
4.6781038, 50.8676701
4.6781138, 50.8629658
4.6781219, 50.8636172
4.6781585, 50.8675791
4.678179, 50.8638614
4.6781803, 50.8674811
4.6782059, 50.8654049
4.6782107, 50.8679768
4.678212, 50.8661511
4.6782821, 50.8657205
4.6783078, 50.865371
4.6783084, 50.8636543
4.6783229, 50.8677455
4.6783609, 50.8625283
4.6783678, 50.8655682
4.6784138, 50.8678388
4.678443, 50.8676619
4.6784494, 50.8634287
4.6784703, 50.864886
4.6785062, 50.8653879
4.6785705, 50.8674554
4.6785936, 50.8653819
4.6786042, 50.8674845
4.6786659, 50.8630823
4.6786688, 50.8650248
4.6788002, 50.8677494
4.6788453, 50.8674236
4.6788762, 50.8627414
4.678882, 50.8675844
4.6788942, 50.8678319
4.6789175, 50.867356
4.6790172, 50.8676298
4.6790463, 50.8679045
4.679076, 50.8676994
4.6790845, 50.8677851
4.6791028, 50.8676199
4.6791543, 50.8672588
4.679181, 50.8674599
4.6791833, 50.8672915
4.6792301, 50.8644765
4.6793579, 50.864101
4.6793869, 50.8670736
4.6794447, 50.8645415
4.6794716, 50.8629934
4.6794788, 50.8672849
4.6795052, 50.8670444
4.6795058, 50.8685056
4.6795421, 50.8645672
4.6795957, 50.8636598
4.6796078, 50.8646389
4.679619, 50.8668745
4.679625, 50.8648719
4.6796334, 50.8647798
4.6796507, 50.8684573
4.6797036, 50.8679161
4.679746, 50.8642083
4.67977, 50.866703
4.6798486, 50.8679878
4.679909, 50.8665661
4.679928, 50.8631266
4.6800523, 50.8665162
4.6800674, 50.8664125
4.6800893, 50.8637684
4.6801416, 50.8662412
4.6801779, 50.8663437
4.680184, 50.8660456
4.6802208, 50.8661812
4.6802274, 50.8631513
4.6802305, 50.8649393
4.6802474, 50.8629954
4.6802535, 50.8661213
4.6802657, 50.863393
4.6802989, 50.8638142
4.6803106, 50.8626711
4.6803334, 50.8661034
4.6803459, 50.8631492
4.6803529, 50.8629904
4.6803644, 50.8663991
4.6803788, 50.8628203
4.6803804, 50.8633651
4.6803834, 50.8637429
4.6804078, 50.8637956
4.6804289, 50.8626543
4.68044, 50.862415
4.68046, 50.8661082
4.6804643, 50.8639438
4.6804809, 50.8661491
4.6805213, 50.8637757
4.680527, 50.8662152
4.6805312, 50.8624521
4.6805476, 50.8622463
4.6805603, 50.8642362
4.6806134, 50.8623315
4.6806214, 50.8637591
4.6806238, 50.8661056
4.6806373, 50.8632287
4.6806582, 50.8660331
4.6806738, 50.8622512
4.6806815, 50.8648586
4.6806837, 50.8650062
4.6806977, 50.8620979
4.6807454, 50.8621758
4.6807881, 50.8640866
4.6808264, 50.8619873
4.6808401, 50.8646458
4.6808654, 50.8656401
4.6808993, 50.8648286
4.680919, 50.8655166
4.6809263, 50.8680996
4.6809329, 50.8650398
4.6809644, 50.8653524
4.6809648, 50.8619768
4.6809852, 50.8652773
4.6810176, 50.8679758
4.6810233, 50.8632542
4.6810383, 50.8661535
4.6810993, 50.8655254
4.6811125, 50.8631356
4.6811163, 50.8681201
4.6812737, 50.8648199
4.6812971, 50.8662349
4.6813104, 50.86591
4.681311, 50.8660257
4.6813183, 50.8653233
4.6813937, 50.8657342
4.6814413, 50.8628518
4.6814712, 50.8651709
4.681497, 50.8657512
4.6815004, 50.8627545
4.6815418, 50.8654286
4.681581, 50.8651853
4.6816594, 50.8628491
4.681662, 50.8623585
4.6816755, 50.8649678
4.6816994, 50.8663297
4.6817005, 50.8624984
4.6817748, 50.8680769
4.6818278, 50.8661885
4.6819084, 50.8656079
4.6819356, 50.8625909
4.6819856, 50.8682367
4.6819971, 50.8652241
4.6820567, 50.8661618
4.6820589, 50.8666851
4.6820724, 50.8655057
4.682117, 50.8630416
4.6821373, 50.8624117
4.6822358, 50.8631045
4.6822438, 50.8643933
4.6823796, 50.8632665
4.6823852, 50.8627998
4.6823898, 50.8653017
4.6823968, 50.8670339
4.6824082, 50.8681838
4.6825066, 50.8635015
4.6825393, 50.8625817
4.6825655, 50.8656014
4.6826907, 50.8636843
4.682698, 50.8663604
4.6827298, 50.8638764
4.682761, 50.8653614
4.6827616, 50.8672709
4.6827659, 50.8656594
4.6827951, 50.8638069
4.682823, 50.8624567
4.6828502, 50.8684038
4.6828571, 50.8637291
4.6828914, 50.8663061
4.6829568, 50.8637699
4.682983, 50.8636045
4.6829894, 50.8656364
4.6830301, 50.8661117
4.683113, 50.8683283
4.6831482, 50.8659528
4.6831827, 50.8659507
4.6831996, 50.8657236
4.6832192, 50.8626672
4.6832307, 50.8638701
4.683239, 50.8675653
4.6832798, 50.8658235
4.6833111, 50.8639365
4.6833351, 50.8626283
4.6833491, 50.8632226
4.6834752, 50.8630962
4.6835137, 50.8630604
4.6835608, 50.8627108
4.6835636, 50.8625025
4.6836014, 50.8628102
4.6836711, 50.8667007
4.6836743, 50.8629048
4.6836909, 50.8684717
4.6837856, 50.8655274
4.6838136, 50.862919
4.6838888, 50.8642007
4.6838974, 50.8678809
4.6839224, 50.8629026
4.6839339, 50.8677336
4.6839567, 50.8674616
4.6839752, 50.8660734
4.6840567, 50.8674215
4.6841179, 50.8655725
4.6841695, 50.8668965
4.6841956, 50.8655947
4.6841958, 50.865531
4.6842004, 50.8629792
4.6842073, 50.8676281
4.6842146, 50.8631155
4.6842201, 50.862832
4.6842465, 50.8627537
4.6842768, 50.8676908
4.6842891, 50.8665265
4.684319, 50.8619185
4.6843714, 50.8641746
4.6844165, 50.8671118
4.6844393, 50.8666981
4.68444, 50.8644713
4.6845411, 50.8656857
4.6845822, 50.8632447
4.6845872, 50.8682131
4.6846108, 50.863205
4.684635, 50.8641524
4.6846433, 50.8682475
4.684668, 50.864595
4.6846719, 50.8632269
4.6846875, 50.8682779
4.6847052, 50.8682082
4.6847136, 50.8650872
4.6847191, 50.8684244
4.6847411, 50.8673148
4.6847942, 50.8680985
4.6848316, 50.8640327
4.6848386, 50.8646958
4.6848603, 50.8674019
4.6848683, 50.8647957
4.684883, 50.864906
4.6848937, 50.8661374
4.6849084, 50.8633118
4.68495, 50.8650569
4.6849716, 50.8628315
4.6850138, 50.8660049
4.6850198, 50.8652126
4.6850274, 50.8627163
4.6850427, 50.868025
4.6850489, 50.8672939
4.6850534, 50.8622043
4.6850847, 50.8626203
4.6850979, 50.8621142
4.6850981, 50.8633985
4.6851017, 50.8621662
4.6851063, 50.8625461
4.6851166, 50.8653546
4.6851626, 50.8628784
4.685163, 50.8629456
4.6851684, 50.8624858
4.6852066, 50.8638663
4.6852145, 50.8630333
4.6852276, 50.8622329
4.6852505, 50.8654767
4.6852535, 50.8639054
4.6852831, 50.8624593
4.6853064, 50.8637454
4.6853095, 50.8674179
4.6853118, 50.8639539
4.6853135, 50.8671206
4.6853223, 50.8672527
4.6853312, 50.865595
4.6853437, 50.8628082
4.6853471, 50.8623379
4.6853662, 50.8624221
4.6853701, 50.8623631
4.6853727, 50.8623096
4.6853741, 50.8623983
4.6853859, 50.8679727
4.6853916, 50.8618823
4.6853923, 50.8671754
4.685406, 50.8657476
4.68544, 50.8635968
4.6854787, 50.8635803
4.6854961, 50.8641075
4.6855082, 50.8672273
4.685511, 50.8675553
4.6855209, 50.863523
4.6855361, 50.8642606
4.6855652, 50.8634629
4.6856173, 50.8634155
4.6856206, 50.8659167
4.6856327, 50.8643924
4.6856607, 50.8679388
4.6856627, 50.8620834
4.6856688, 50.8633619
4.6856961, 50.863737
4.6857106, 50.8673133
4.6857386, 50.8645054
4.6857514, 50.8677192
4.6857516, 50.8632876
4.6857972, 50.8628763
4.6858107, 50.8667273
4.6858283, 50.8679318
4.6858351, 50.8645596
4.6858722, 50.8635127
4.6858788, 50.8618736
4.6859368, 50.862954
4.6859546, 50.8630682
4.6859597, 50.8666459
4.6859669, 50.8629941
4.6859673, 50.8639042
4.685999, 50.8674946
4.6859999, 50.8627814
4.6860139, 50.8676528
4.6860275, 50.8631859
4.6860302, 50.8677572
4.6860329, 50.8646161
4.6860646, 50.8630109
4.6860994, 50.8631339
4.6861176, 50.8646561
4.6861178, 50.8628834
4.6861374, 50.8640303
4.6861962, 50.8630812
4.6861996, 50.8627396
4.6862062, 50.8628095
4.686268, 50.8636121
4.6862797, 50.866863
4.6862802, 50.8675843
4.6862833, 50.8641302
4.6862855, 50.8628731
4.6862912, 50.863224
4.6863244, 50.8630033
4.6863361, 50.8679574
4.6863389, 50.8647573
4.686358, 50.8639556
4.6863836, 50.8642038
4.6863956, 50.8632715
4.6864024, 50.863103
4.6864035, 50.8629433
4.6864217, 50.8625141
4.6864329, 50.8629608
4.6864373, 50.8638926
4.6864413, 50.8642461
4.6864982, 50.8637054
4.6865135, 50.8631529
4.6865494, 50.8641014
4.6865654, 50.8630257
4.6865741, 50.8666781
4.6865923, 50.867465
4.686605, 50.8640512
4.6866106, 50.8630555
4.6866427, 50.8648868
4.6866506, 50.8639633
4.6866605, 50.8638574
4.6866747, 50.8630714
4.6866858, 50.8644051
4.6866918, 50.8637838
4.6867229, 50.8649451
4.6867476, 50.8620885
4.6867529, 50.862283
4.6867664, 50.8673791
4.6867739, 50.8642207
4.6867754, 50.8636691
4.6867914, 50.8628473
4.6868099, 50.8629352
4.6868145, 50.8650116
4.6868554, 50.8682775
4.68688, 50.8631222
4.6869187, 50.8643087
4.6869236, 50.8672953
4.6869369, 50.8651317
4.6869398, 50.8645367
4.6869566, 50.8632443
4.6869807, 50.8635765
4.6870198, 50.8683004
4.6870476, 50.8652235
4.687109, 50.865096
4.6871095, 50.8634873
4.6871174, 50.8672623
4.6871316, 50.8640125
4.6871394, 50.8653012
4.6871406, 50.8634659
4.6871816, 50.8644069
4.687184, 50.8645908
4.6871982, 50.862513
4.6872312, 50.8655696
4.6872312, 50.8654542
4.6872407, 50.865652
4.687252, 50.865206
4.6873063, 50.8625597
4.6873207, 50.8632996
4.6873284, 50.8627092
4.6873325, 50.8657391
4.6873502, 50.8623284
4.6873655, 50.8624094
4.6873669, 50.8624904
4.6873747, 50.8643764
4.6873842, 50.8623947
4.68742, 50.8646628
4.6874227, 50.862885
4.6874299, 50.8623754
4.687455, 50.8661845
4.6874637, 50.8624612
4.6874652, 50.862361
4.6874665, 50.8630419
4.6874739, 50.8624476
4.6874841, 50.8641221
4.6874908, 50.8643384
4.6874949, 50.8658521
4.687504, 50.865305
4.6875153, 50.8624257
4.6875465, 50.8624093
4.6875552, 50.8644056
4.6875859, 50.8629925
4.687616, 50.865633
4.68762, 50.86548
4.6876253, 50.8658898
4.6877026, 50.862968
4.6877394, 50.8636975
4.6877464, 50.8660445
4.6877484, 50.8641737
4.687762, 50.8678914
